#Coverage	numBases
0	21
1	29
2	31
3	31
4	0
5	4
6	10
7	2
8	2
9	2
10	3
11	0
12	7
13	14
14	4
15	19
16	7
17	3
18	0
19	7
20	0
21	5
22	5
23	4
24	7
25	0
26	0
27	0
28	15
29	0
30	7
31	1
32	4
33	7
34	1
35	0
36	8
37	5
38	8
39	9
40	0
41	0
42	12
43	2
44	0
45	11
46	8
47	11
48	12
49	7
50	7
51	1
52	7
53	2
54	0
55	5
56	2
57	0
58	1
59	1
60	0
61	1
62	5
63	5
64	2
65	0
66	2
67	1
68	0
69	0
70	0
71	5
72	2
73	1
74	4
75	3
76	3
77	0
78	6
79	6
80	4
81	2
82	7
83	3
84	4
85	5
86	5
87	3
88	0
89	4
90	0
91	1
92	3
93	9
94	0
95	0
96	0
97	2
98	3
99	0
100	2
101	2
102	4
103	3
104	1
105	5
106	10
107	2
108	7
109	2
110	2
111	4
112	4
113	0
114	4
115	6
116	8
117	4
118	1
119	2
120	1
121	5
122	0
123	3
124	0
125	9
126	1
127	1
128	3
129	1
130	8
131	6
132	12
133	8
134	9
135	1
136	2
137	2
138	3
139	5
140	4
141	0
142	3
143	2
144	1
145	2
146	1
147	0
148	2
149	1
150	2
151	0
152	6
153	4
154	0
155	1
156	1
157	4
158	2
159	2
160	3
161	3
162	3
163	5
164	0
165	1
166	2
167	0
168	5
169	4
170	0
171	2
172	0
173	6
174	1
175	0
176	0
177	6
178	0
179	7
180	3
181	2
182	4
183	9
184	6
185	1
186	2
187	8
188	1
189	0
190	0
191	1
192	4
193	3
194	8
195	8
196	5
197	3
198	0
199	1
200	3
201	0
202	0
203	0
204	0
205	0
206	0
207	5
208	0
209	1
210	1
211	6
212	4
213	4
214	11
215	5
216	4
217	3
218	2
219	0
220	1
221	0
222	3
223	3
224	3
225	0
226	0
227	3
228	1
229	0
230	1
231	2
232	4
233	2
234	0
235	7
236	2
237	0
238	10
239	5
240	4
241	0
242	4
243	1
244	13
245	5
246	14
247	6
248	25
249	14
250	16
251	11
252	9
253	20
254	6
255	6
256	6
257	16
258	5
259	8
260	2
261	5
262	13
263	6
264	4
265	5
266	8
267	7
268	8
269	1
270	5
271	3
272	8
273	5
274	6
275	4
276	4
277	4
278	5
279	6
280	4
281	5
282	3
283	2
284	2
285	2
286	4
287	1
288	1
289	1
290	0
291	0
292	0
293	0
294	2
295	2
296	8
297	1
298	1
299	5
300	4
301	3
302	5
303	5
304	5
305	14
306	4
307	7
308	4
309	5
310	5
311	2
312	3
313	5
314	8
315	15
316	16
317	4
318	13
319	19
320	9
321	17
322	20
323	6
324	7
325	6
326	6
327	6
328	11
329	14
330	2
331	5
332	4
333	7
334	10
335	1
336	8
337	9
338	7
339	4
340	13
341	6
342	1
343	6
344	4
345	6
346	10
347	14
348	13
349	17
350	22
351	11
352	13
353	14
354	6
355	12
356	9
357	11
358	9
359	18
360	14
361	10
362	4
363	5
364	14
365	16
366	8
367	7
368	4
369	5
370	5
371	4
372	3
373	7
374	12
375	5
376	6
377	6
378	4
379	7
380	7
381	7
382	13
383	10
384	6
385	8
386	14
387	23
388	10
389	11
390	9
391	10
392	10
393	11
394	12
395	10
396	11
397	16
398	19
399	10
400	7
401	7
402	6
403	6
404	12
405	9
406	7
407	2
408	13
409	3
410	9
411	2
412	7
413	6
414	10
415	9
416	3
417	1
418	1
419	0
420	2
421	2
422	0
423	3
424	0
425	0
426	2
427	2
428	1
429	1
430	2
431	1
432	1
433	3
434	2
435	3
436	5
437	5
438	6
439	8
440	3
441	2
442	1
443	6
444	3
445	3
446	1
447	4
448	3
449	1
450	4
451	4
452	3
453	2
454	3
455	0
456	3
457	0
458	5
459	1
460	0
461	1
462	0
463	2
464	1
465	7
466	3
467	11
468	6
469	6
470	6
471	12
472	9
473	9
474	6
475	13
476	3
477	3
478	12
479	6
480	13
481	10
482	7
483	12
484	14
485	17
486	9
487	8
488	19
489	6
490	10
491	13
492	11
493	14
494	10
495	9
496	4
497	11
498	11
499	10
500	10
501	13
502	11
503	12
504	13
505	9
506	9
507	7
508	19
509	16
510	13
511	7
512	9
513	7
514	9
515	8
516	9
517	2
518	7
519	7
520	7
521	12
522	12
523	8
524	14
525	14
526	9
527	5
528	14
529	18
530	10
531	7
532	7
533	9
534	10
535	9
536	9
537	9
538	11
539	19
540	7
541	13
542	4
543	10
544	5
545	8
546	2
547	5
548	9
549	5
550	7
551	5
552	7
553	3
554	8
555	5
556	10
557	12
558	8
559	11
560	13
561	11
562	12
563	9
564	9
565	14
566	9
567	10
568	12
569	5
570	8
571	4
572	12
573	9
574	4
575	10
576	8
577	10
578	16
579	9
580	10
581	11
582	13
583	4
584	4
585	10
586	6
587	9
588	4
589	10
590	8
591	15
592	5
593	15
594	11
595	8
596	6
597	10
598	5
599	1
600	4
601	3
602	5
603	6
604	8
605	6
606	5
607	5
608	7
609	3
610	2
611	0
612	6
613	4
614	3
615	8
616	0
617	7
618	9
619	7
620	6
621	5
622	3
623	7
624	8
625	5
626	3
627	8
628	5
629	9
630	8
631	5
632	9
633	5
634	10
635	6
636	7
637	9
638	14
639	14
640	7
641	10
642	8
643	9
644	7
645	3
646	3
647	8
648	5
649	4
650	7
651	5
652	5
653	5
654	6
655	4
656	7
657	6
658	15
659	11
660	9
661	3
662	9
663	5
664	10
665	7
666	12
667	4
668	11
669	10
670	13
671	6
672	2
673	18
674	12
675	10
676	12
677	6
678	4
679	6
680	6
681	9
682	6
683	8
684	10
685	6
686	4
687	4
688	3
689	11
690	11
691	2
692	7
693	4
694	7
695	4
696	6
697	6
698	6
699	6
700	4
701	3
702	3
703	3
704	6
705	6
706	8
707	3
708	3
709	4
710	6
711	8
712	7
713	6
714	6
715	4
716	7
717	10
718	7
719	8
720	7
721	2
722	8
723	4
724	15
725	8
726	12
727	13
728	10
729	8
730	10
731	3
732	6
733	7
734	1
735	2
736	2
737	5
738	4
739	2
740	5
741	5
742	2
743	4
744	5
745	4
746	11
747	10
748	8
749	5
750	9
751	6
752	9
753	4
754	7
755	13
756	6
757	4
758	2
759	2
760	3
761	1
762	3
763	4
764	4
765	7
766	4
767	2
768	4
769	3
770	2
771	6
772	5
773	5
774	2
775	6
776	5
777	4
778	6
779	1
780	6
781	5
782	4
783	7
784	6
785	6
786	5
787	10
788	8
789	16
790	9
791	9
792	11
793	10
794	9
795	13
796	8
797	5
798	12
799	10
800	8
801	14
802	21
803	14
804	21
805	18
806	14
807	22
808	16
809	19
810	17
811	12
812	7
813	12
814	12
815	9
816	11
817	9
818	13
819	10
820	7
821	7
822	13
823	13
824	7
825	5
826	14
827	8
828	8
829	9
830	9
831	3
832	6
833	5
834	7
835	6
836	2
837	3
838	2
839	7
840	12
841	12
842	9
843	7
844	3
845	10
846	9
847	6
848	5
849	1
850	2
851	12
852	8
853	7
854	10
855	7
856	7
857	4
858	7
859	3
860	11
861	3
862	12
863	5
864	6
865	4
866	4
867	3
868	4
869	5
870	4
871	4
872	2
873	3
874	2
875	5
876	6
877	8
878	6
879	10
880	7
881	2
882	10
883	2
884	6
885	6
886	7
887	3
888	7
889	4
890	6
891	3
892	8
893	8
894	4
895	5
896	3
897	4
898	2
899	2
900	1
901	0
902	2
903	2
904	0
905	1
906	2
907	1
908	2
909	1
910	6
911	4
912	0
913	4
914	1
915	5
916	4
917	5
918	6
919	2
920	2
921	0
922	4
923	4
924	2
925	2
926	5
927	4
928	1
929	1
930	5
931	4
932	7
933	3
934	2
935	1
936	1
937	2
938	1
939	2
940	1
941	2
942	1
943	0
944	4
945	0
946	3
947	2
948	1
949	0
950	0
951	2
952	1
953	0
954	2
955	1
956	1
957	0
958	1
959	2
960	0
961	1
962	1
963	1
964	0
965	3
966	3
967	3
968	2
969	4
970	5
971	5
972	1
973	3
974	7
975	0
976	7
977	4
978	1
979	5
980	4
981	2
982	4
983	5
984	2
985	4
986	3
987	2
988	2
989	1
990	3
991	0
992	1
993	0
994	2
995	1
996	0
997	0
998	2
999	3
1000	5
1001	5
1002	4
1003	3
1004	2
1005	9
1006	3
1007	4
1008	1
1009	4
1010	7
1011	4
1012	3
1013	3
1014	8
1015	3
1016	5
1017	3
1018	7
1019	3
1020	10
1021	7
1022	3
1023	2
1024	4
1025	1
1026	3
1027	5
1028	4
1029	1
1030	2
1031	0
1032	2
1033	3
1034	2
1035	3
1036	3
1037	0
1038	1
1039	4
1040	3
1041	4
1042	4
1043	3
1044	1
1045	0
1046	0
1047	3
1048	1
1049	1
1050	1
1051	1
1052	2
1053	1
1054	0
1055	4
1056	2
1057	2
1058	1
1059	2
1060	3
1061	5
1062	4
1063	4
1064	0
1065	0
1066	2
1067	5
1068	1
1069	1
1070	2
1071	0
1072	0
1073	2
1074	0
1075	0
1076	1
1077	2
1078	0
1079	1
1080	1
1081	1
1082	2
1083	0
1084	1
1085	1
1086	0
1087	0
1088	2
1089	0
1090	0
1091	0
1092	0
1093	0
1094	0
1095	0
1096	1
1097	0
1098	0
1099	0
1100	0
1101	0
1102	0
1103	0
1104	3
1105	2
1106	0
1107	0
1108	0
1109	0
1110	0
1111	0
1112	0
1113	0
1114	0
1115	0
1116	0
1117	0
1118	0
1119	0
1120	0
1121	0
1122	0
1123	0
1124	0
1125	0
1126	0
1127	0
1128	0
1129	0
1130	0
1131	0
1132	0
1133	0
1134	0
1135	0
1136	0
1137	0
1138	0
1139	0
1140	0
1141	0
1142	0
1143	0
1144	0
1145	1
1146	0
1147	0
1148	0
1149	0
1150	0
1151	0
1152	0
1153	0
1154	0
1155	0
1156	1
1157	1
1158	1
1159	0
1160	0
1161	0
1162	0
1163	1
1164	0
1165	0
1166	0
1167	0
1168	0
1169	0
1170	0
1171	0
1172	0
1173	0
1174	1
1175	0
1176	0
1177	0
1178	0
1179	0
1180	1
1181	1
1182	1
